TTD TANK PPT WETWT STDLGTH
 8  1 15.8 0.112 1.9
 8  1 15.8 0.050 1.5 
 8  1 15.8 0.029 1.2
 8  1 15.8 0.045 1.4
 8  2 15.8 0.097 1.8
 8  2 15.8 0.048 1.4
 8  2 15.8 0.050 1.5
 8  2 15.8 0.142 2.1
 8  2 15.8 0.051 1.5
 8 11 20.1 0.050 1.4
 8 11 20.1 0.093 1.8
 8 11 20.1 0.073 1.5
 8 11 20.1 0.086 1.7
 8 11 20.1 0.069 1.5
 8 11 20.1 0.066 1.6
 8 11 20.1 0.145 2.0
 8 11 20.1 0.136 1.9
 8 11 20.1 0.103 1.8
 8 11 20.1 0.047 1.3
 8 11 20.1 0.064 1.5
 8 11 20.1 0.138 1.9
 8 11 20.1 0.094 1.6
 8 11 20.1 0.393 2.8
 8 11 20.1 0.090 1.7
 8 11 20.1 0.184 2.2
 8 11 20.1 0.045 1.3
 8 11 20.1 0.134 2.0
 8 11 20.1 0.152 2.1
 8 11 20.1 0.075 1.6
 8 11 20.1 0.215 2.3
 8 11 20.1 0.143 2.0
 8 11 20.1 0.119 1.8
 8 11 20.1 0.395 2.7
 8 11 20.1 0.116 1.8
 8 11 20.1 0.108 1.8
 8 11 20.1 0.100 1.7
 8 11 20.1 0.147 2.0
 8 11 20.1 0.153 2.1
 8 11 20.1 0.209 2.2
 8 11 20.1 0.078 1.6
 8 11 20.1 0.097 1.8
 8 11 20.1 0.261 2.3
 8 11 20.1 0.065 1.5
 8 11 20.1 0.113 1.8
 8 11 20.1 0.150 2.1
 8 11 20.1 0.089 1.7
 8 11 20.1 0.061 1.6
 8 11 20.1 0.109 1.7
 8 12 20.1 0.059 1.5
 8 12 20.1 0.074 1.6
 8 12 20.1 0.073 1.6
 8 12 20.1 0.143 2.0
 8 12 20.1 0.091 1.7
 8 12 20.1 0.085 1.7
 8 12 20.1 0.110 1.9  
 8 12 20.1 0.101 1.8
 8 12 20.1 0.075 1.6
 8 12 20.1 0.077 1.7
 8 12 20.1 0.123 1.8
 8 12 20.1 0.095 1.9
 8 12 20.1 0.179 2.2
 8 12 20.1 0.770 3.4
 8 12 20.1 0.071 1.6
 8 12 20.1 0.115 1.9
 8 12 20.1 0.096 1.8
 8 12 20.1 0.141 1.8
 8 12 20.1 0.037 1.2
 8 12 20.1 0.109 1.8
 8 12 20.1 0.100 1.7
 8 12 20.1 0.058 1.5
 8 12 20.1 0.060 1.4
 8 12 20.1 0.128 2.0
 8 12 20.1 0.099 1.8
 8 12 20.1 0.118 1.9
 8 12 20.1 0.138 2.0
 8 12 20.1 0.098 1.7
 8 12 20.1 0.091 1.8
 8 12 20.1 0.057 1.8
 8 12 20.1 0.059 1.9
 8 12 20.1 0.164 1.9
 8 12 20.1 0.061 1.5
 8 12 20.1 0.195 2.3
 8 12 20.1 0.058 1.5
 8 12 20.1 0.134 2.0
 8 12 20.1 0.080 1.6
 8 12 20.1 0.072 1.7
 8 12 20.1 0.367 2.2
16  1 15.8 0.164 2.2
16  1 15.8 0.052 1.4
16  1 15.8 0.130 1.9
16  1 15.8 0.085 1.7
16  1 15.8 0.181 2.2
16  1 15.8 0.052 1.4
16  1 15.8 0.147 1.9
16  1 15.8 0.093 1.7
16  1 15.8 0.081 1.7
16  2 15.8 0.098 1.8
16  2 15.8 0.143 2.0
16  2 15.8 0.071 1.6
16  2 15.8 0.072 1.7
16  2 15.8 0.130 2.1
16  2 15.8 0.220 2.3
16  2 15.8 0.118 1.8
16  2 15.8 0.103 1.8
16  2 15.8 0.071 1.7
16  2 15.8 0.145 2.1
16  2 15.8 0.071 1.6
16  2 15.8 0.134 2.0
16  2 15.8 0.069 1.6
16  2 15.8 0.071 1.8  
16  2 15.8 0.076 1.7
16  2 15.8 0.086 1.7
16  2 15.8 0.064 1.6
16  2 15.8 0.042 1.4
24  1 15.8 0.202 2.3
24  1 15.8 0.069 1.6
24  1 15.8 0.142 2.2
24  1 15.8 0.071 1.5
24  1 15.8 0.270 2.5
24  1 15.8 0.117 2.0
24  1 15.8 0.218 2.4
24  1 15.8 0.090 1.7
24  1 15.8 0.065 1.3
24  1 15.8 0.246 2.5
24  1 15.8 0.065 1.5
24  1 15.8 0.122 1.9
24  1 15.8 0.103 1.7
24  1 15.8 0.120 1.8
24  1 15.8 0.108 2.0
24  1 15.8 0.160 2.1
24  1 15.8 0.261 2.2
24  2 15.8 0.073 1.6
24  2 15.8 0.082 1.7
24  2 15.8 0.074 1.7
24  2 15.8 0.280 2.6
24  2 15.8 0.085 1.8
24  2 15.8 0.113 1.9
24  2 15.8 0.094 1.7
24  2 15.8 0.231 2.3
24  2 15.8 0.229 2.4
24  2 15.8 0.108 1.8
24  2 15.8 0.223 2.4
24  3 13.2 0.070 1.5
24  3 13.2 0.106 1.8
24  4 13.2 0.050 1.3
32  1 15.8 0.117 1.7
32  1 15.8 0.162 2.0
32  1 15.8 0.084 1.6
32  1 15.8 0.242 2.3
32  1 15.8 0.192 2.2
32  1 15.8 0.127 2.0
32  1 15.8 1.016 3.7
32  2 15.8 0.086 1.6
32  2 15.8 0.099 1.7
32  2 15.8 0.137 1.9
32  2 15.8 0.091 1.7
32  3 13.2 0.079 1.6
32  3 13.2 0.073 1.5
32  4 13.2 0.087 1.7
32  4 13.2 0.066 1.4
32  4 13.2 0.051 1.5
32  4 13.2 0.103 2.0
32  4 13.2 0.065 1.3
32  4 13.2 0.065 1.4
32  4 13.2 0.117 1.7  
32  4 13.2 0.129 1.7
32  4 13.2 0.125 1.8
32  5 11.6 0.042 1.2
40  2 15.8 0.600 3.3
40  2 15.8 0.114 1.9
40  3 13.2 0.064 1.7
40  3 13.2 0.074 1.7
40  3 13.2 0.072 1.7
40  4 13.2 0.082 1.8
40  4 13.2 0.058 1.5
40  4 13.2 0.092 1.8
40  4 13.2 0.093 1.8
40  4 13.2 0.081 1.6
40  4 13.2 0.089 1.6
40  4 13.2 0.074 1.6
40  5 11.6 0.057 1.5
40  6 11.6 0.077 1.7
40  8 10.8 0.045 1.4
40  8 10.8 0.063 1.5
48  1 15.8 0.146 2.0
48  1 15.8 0.198 2.2
48  3 13.2 0.149 1.8
48  3 13.2 0.133 1.8
48  3 13.2 0.149 2.0
48  4 13.2 0.087 1.6
48  4 13.2 0.086 1.5
48  4 13.2 0.066 1.5
48  4 13.2 0.085 1.6
48  4 13.2 0.066 1.5
48  4 13.2 0.072 1.6
48  4 13.2 0.078 1.5
48  5 11.6 0.097 1.9
48  5 11.6 0.093 1.7
48  5 11.6 0.065 1.6
48  6 11.6 0.063 1.5
48  6 11.6 0.085 1.7
48  6 11.6 0.074 1.5
48  6 11.6 0.085 1.6
48  6 11.6 0.082 1.6
48  7 10.8 0.075 1.6
48  7 10.8 0.067 1.6
48  7 10.8 0.056 1.5
48  8 10.8 0.049 1.5
48  8 10.8 0.051 1.4
48  8 10.8 0.076 1.6
48  9 10.3 0.094 1.8
48 10 10.3 0.109 1.9
48 10 10.3 0.063 1.5
48 10 10.3 0.080 1.7
48 10 10.3 0.057 1.3
56  3 13.2 0.078 1.7
56  3 13.2 0.122 1.8
56  3 13.2 0.062 1.5
56  3 13.2 0.101 1.7
56  3 13.2 0.104 1.8  
56  3 13.2 0.082 1.6
56  3 13.2 0.127 1.8
56  3 13.2 0.215 2.1
56  3 13.2 0.088 1.8
56  4 13.2 0.092 1.7
56  4 13.2 0.122 1.9
56  5 11.6 0.066 1.5
56  5 11.6 0.089 1.8
56  5 11.6 0.101 1.8
56  6 11.6 0.079 1.7
56  6 11.6 0.082 1.7
56  6 11.6 0.061 1.4
56  6 11.6 0.104 1.8
56  6 11.6 0.067 1.4
56  6 11.6 0.083 1.2
56  7 10.8 0.063 1.5
56  8 10.8 0.071 1.5
56  9 10.3 0.075 1.6
56  9 10.3 0.123 1.9
64  3 13.2 0.046 1.7
64  3 13.2 0.059 1.6
64  3 13.2 0.042 1.4
64  3 13.2 0.030 1.6
64  3 13.2 0.056 1.7
64  4 13.2 0.039 1.6
64  4 13.2 0.045 1.6
64  4 13.2 0.129 2.3
64  4 13.2 0.049 1.3
64  4 13.2 0.086 1.9
64  5 11.6 0.054 1.8
64  5 11.6 0.047 1.7
64  5 11.6 0.030 1.4
64  6 11.6 0.046 1.5
64  7 10.8 0.053 1.7
64  7 10.8 0.087 2.0
64  8 10.8 0.040 1.4
64  8 10.8 0.039 1.5
64  8 10.8 0.041 1.4
64 10 10.3 0.041 1.4
64 10 10.3 0.035 1.3
72  3 13.2 0.048 1.6
72  3 13.2 0.080 1.9
72  3 13.2 0.075 1.8
72  4 13.2 0.117 2.2
72  4 13.2 0.152 2.3
72  5 11.6 0.058 1.4
72  5 11.6 0.076 1.7
72  5 11.6 0.062 1.5
72  5 11.6 0.103 1.8
72  5 11.6 0.075 1.5
72  6 11.6 0.090 1.8
72  6 11.6 0.053 1.5
72  7 10.8 0.063 1.7
72  7 10.8 0.094 1.9
72  8 10.8 0.050 1.3  
72  9 10.3 0.110 2.0
72 10 10.3 0.066 1.6
72 10 10.3 0.064 1.5
72 10 10.3 0.086 1.7
80  3 13.2 0.102 1.6
80  3 13.2 0.184 2.2
80  3 13.2 0.090 1.8
80  4 13.2 0.104 1.8
80  4 13.2 0.352 2.5
80  4 13.2 0.121 1.9
80  6 11.6 0.103 1.7
80  6 11.6 0.296 2.4
80  9 10.3 0.087 1.6
88  3 13.2          
88  3 13.2          
88  3 13.2          
88  4 13.2          
88  5 11.6          
88  5 11.6          
88  6 11.6          
88  9 10.3          
88 10 10.3          
96  3 13.2          
96  5 11.6          
96  5 11.6          
96  6 11.6          
96  6 11.6          
96  7 10.8          
96  7 10.8          
96  8 10.8          
96  8 10.8          
96 10 10.3          
97  3 13.2 0.095 1.8
97  3 13.2 0.116 1.9
97  3 13.2 0.133 2.2
97  3 13.2          
97  4 13.2 0.024 1.3
97  4 13.2 0.345 2.8
97  4 13.2          
97  5 11.6 0.052 1.5
97  5 11.6 0.062 1.4
97  5 11.6 0.119 1.8
97  5 11.6 0.095 2.2
97  5 11.6 0.152 2.0
97  5 11.6 0.134 2.0
97  5 11.6 0.098 1.8
97  5 11.6 0.330 2.3
97  5 11.6 0.121 2.1
97  5 11.6          
97  5 11.6          
97  5 11.6          
97  5 11.6          
97  5 11.6          
97  5 11.6          
97  5 11.6            
97  5 11.6          
97  6 11.6 0.172 2.3
97  6 11.6 0.386 2.6
97  6 11.6 0.054 1.5
97  6 11.6 0.165 2.1
97  6 11.6 0.818 4.1
97  6 11.6 0.053 1.5
97  6 11.6 0.072 1.8
97  6 11.6 0.091 1.9
97  6 11.6          
97  6 11.6          
97  6 11.6          
97  6 11.6          
97  6 11.6          
97  6 11.6          
97  6 11.6          
97  6 11.6          
97  6 11.6          
97  6 11.6          
97  6 11.6          
97  6 11.6          
97  6 11.6          
97  7 10.8 0.065 1.6
97  7 10.8 0.086 1.7
97  7 10.8 0.119 2.1
97  7 10.8 0.128 1.9
97  7 10.8 0.764 3.8
97  7 10.8 0.134 2.2
97  7 10.8 0.103 1.8
97  7 10.8 0.110 2.2
97  7 10.8 0.191 2.4
97  7 10.8 0.088 1.9
97  7 10.8 0.171 2.3
97  7 10.8 0.092 1.9
97  7 10.8 0.126 2.1
97  7 10.8 0.188 2.3
97  7 10.8 0.089 1.7
97  7 10.8 0.074 1.6
97  7 10.8 0.059 1.4
97  7 10.8 0.086 1.8
97  7 10.8 0.107 1.8
97  7 10.8 0.099 1.6
97  7 10.8 0.191 2.3
97  7 10.8 0.161 2.2
97  7 10.8 0.101 1.9
97  7 10.8 0.061 1.6
97  7 10.8          
97  7 10.8          
97  7 10.8          
97  7 10.8          
97  7 10.8          
97  7 10.8          
97  7 10.8          
97  8 10.8 0.045 1.3
97  8 10.8 0.137 2.3  
97  8 10.8 0.152 2.2
97  8 10.8 0.056 1.5
97  8 10.8 0.211 2.5
97  8 10.8 0.153 2.3
97  8 10.8 0.073 1.9
97  8 10.8 0.205 2.2
97  8 10.8 0.071 1.7
97  8 10.8 0.092 1.8
97  8 10.8 0.377 3.0
97  8 10.8 0.063 1.6
97  8 10.8 0.095 1.8
97  8 10.8 0.089 1.7
97  8 10.8 0.089 1.5
97  8 10.8 0.105 1.9
97  8 10.8 0.097 1.7
97  8 10.8 0.129 1.9
97  8 10.8 0.068 1.6
97  8 10.8 0.084 1.7
97  8 10.8 0.067 1.5
97  8 10.8 0.132 1.8
97  8 10.8 0.091 1.7
97  8 10.8          
97  8 10.8          
97  8 10.8          
97  8 10.8          
97  9 10.3 0.731 3.6
97  9 10.3 0.354 2.9
97  9 10.3 0.104 1.9
97  9 10.3 0.176 2.3
97  9 10.3 0.108 2.1
97  9 10.3 0.904 4.1
97  9 10.3 0.582 3.3
97  9 10.3 0.081 1.7
97  9 10.3 0.998 3.9
97  9 10.3 0.346 2.6
97  9 10.3 0.240 2.3
97  9 10.3 0.887 4.0
97  9 10.3 0.115 1.9
97  9 10.3 0.837 3.6
97  9 10.3 0.091 1.9
97  9 10.3 0.148 2.1
97  9 10.3 0.781 3.6
97  9 10.3 0.123 2.1
97  9 10.3 0.331 2.7
97  9 10.3 0.093 1.8
97  9 10.3 0.082 1.5
97  9 10.3          
97  9 10.3          
97  9 10.3          
97  9 10.3          
97  9 10.3          
97  9 10.3          
97  9 10.3            
97  9 10.3            
97  9 10.3             
97  9 10.3            
97  9 10.3          
97  9 10.3          
97  9 10.3          
97 10 10.3 0.335 3.0
97 10 10.3 0.752 3.8
97 10 10.3 0.137 2.2
97 10 10.3 0.268 2.5
97 10 10.3 0.118 2.0
97 10 10.3 0.094 1.9
97 10 10.3 0.113 2.1
97 10 10.3 0.145 2.3
97 10 10.3 1.489 4.9
97 10 10.3 0.092 1.9
97 10 10.3 0.058 1.7
97 10 10.3 0.066 1.5
97 10 10.3 0.239 2.6
97 10 10.3 0.077 1.7
97 10 10.3 0.064 1.6
97 10 10.3 0.070 1.6
97 10 10.3 0.059 1.4
97 10 10.3 0.093 2.0
97 10 10.3 0.066 1.7
97 10 10.3 0.070 1.6
97 10 10.3 0.076 1.7
97 10 10.3 0.088 1.8
97 10 10.3 0.116 2.0
97 10 10.3          
97 10 10.3          
97 10 10.3          
97 10 10.3          
97 13  0.0 0.127 2.0
97 13  0.0 0.090 1.8
97 13  0.0 0.174 2.1
97 13  0.0 0.071 1.6
97 13  0.0 0.098 2.0
97 13  0.0 0.100 1.7
97 13  0.0 0.068 1.5
97 13  0.0 0.098 1.9
97 13  0.0 0.068 1.5
97 13  0.0 0.075 1.7
97 13  0.0 0.588 3.4
97 13  0.0 0.098 1.7
97 13  0.0 0.129 1.9
97 13  0.0 0.058 1.4
97 13  0.0 0.760 3.7
97 13  0.0 0.126 2.0
97 13  0.0 0.128 2.1
97 13  0.0 0.186 2.3
97 13  0.0 0.049 1.4
97 13  0.0 0.143 2.2
97 13  0.0 0.392 2.6
97 13  0.0 0.066 1.6
97 13  0.0 0.036 1.3
97 13  0.0 0.344 2.7  
97 13  0.0 0.058 1.5
97 13  0.0 0.061 1.6
97 13  0.0 0.063 1.6
97 13  0.0 0.053 1.5
97 13  0.0 0.045 1.4
97 13  0.0 0.103 1.9
97 13  0.0 0.079 1.7
97 13  0.0 0.070 1.7
97 13  0.0 0.101 1.8
97 13  0.0 0.055 1.5
97 13  0.0 0.724 3.7
97 13  0.0 0.077 1.6
97 13  0.0 0.054 1.5
97 13  0.0 0.052 1.4
97 13  0.0 0.037 1.3
97 13  0.0 0.061 1.5
97 14  0.0 0.071 1.6
97 14  0.0 0.052 1.4
97 14  0.0 0.091 1.8
97 14  0.0 0.103 2.0
97 14  0.0 0.063 1.6
97 14  0.0 0.085 1.7
97 14  0.0 0.064 1.5
97 14  0.0 0.301 2.9
97 14  0.0 0.079 1.6
97 14  0.0 0.107 1.9
97 14  0.0 0.557 3.2
97 14  0.0 0.061 1.4
97 14  0.0 0.096 1.8
97 14  0.0 0.733 3.5
97 14  0.0 0.182 2.3
97 14  0.0 0.071 1.6
97 14  0.0 0.050 1.4
97 14  0.0 0.234 2.5
97 14  0.0 0.091 1.7
97 14  0.0 0.045 1.2
97 14  0.0 0.058 1.4
97 14  0.0 0.069 1.6
97 14  0.0 0.084 1.5
97 14  0.0 0.104 1.7
97 14  0.0 0.099 1.6
97 14  0.0 0.071 1.5
97 14  0.0 0.076 1.7
97 14  0.0 0.447 3.2
97 14  0.0 0.109 1.8
97 14  0.0 0.130 2.2
97 14  0.0 0.102 1.8
97 14  0.0 0.074 1.6
97 14  0.0 0.139 2.0
97 14  0.0 0.105 1.8
97 14  0.0 0.125 1.7
97 14  0.0 0.059 1.4
97 14  0.0 0.070 1.6
97 14  0.0 0.047 1.4
97 14  0.0 0.094 1.7
      10.3 0.136    
      10.8 0.136     
      11.6 0.136     
      13.2 0.136     
      15.8 0.136     
      20.1 0.136            